203.4 -33.4 225.2 -124.58 -79.69 -56.62
204.9 10.2 278.9 -140.64 -81.53 -59.12
170.9 87.4 247.2 -126.85 -63.55 -72.34
174.3 30.5 308.6 -124.61 -41.69 -65.18
178.9 -96.5 191.7 -92.93 -38.68 -65.44
180.4 -71.4 188.6 -94.85 29.69 -71.13
148.2 43.9 314.5 -112.2 -34.78 -84.3
149.0 128.0 311.4 -113.83 -34.69 -85.63
154.5 -81.6 311.1 -114.98 -39.48 -82.69
21.2 -82.9 318.2 -110.8 -40.9 -87.53
19.5 -82.9 317.8 -111.0 -40.63 -69.45
19.6 -82.4 318.0 -111.19 -40.35 -49.55
93.8 -60.2 369.5 -135.42 -38.65 -51.75
139.4 -85.0 253.4 -101.17 -37.34 -70.39
-126.4 -71.0 290.5 -94.39 -41.39 -71.69
-110.4 61.6 306.8 -108.65 -60.82 -80.76
-104.7 -90.9 306.9 -108.64 -60.62 -80.83
115.3 -20.2 346.4 -112.44 -20.11 -58.35
93.5 -170.3 318.2 -85.14 -87.64 -84.56